function millis = leapSecMillis()

%   Copyright 2015-2016 The MathWorks, Inc.

% Number of milliseconds, not including leap seconds, after 1-Jan-1970 00:00:00 UTC,
% at which each leap second was inserted
%        30-Jun-1972, 31-Dec-1972, 31-Dec-1973, 31-Dec-1974, 31-Dec-1975,
%        31-Dec-1976, 31-Dec-1977, 31-Dec-1978, 31-Dec-1979, 30-Jun-1981,
%        30-Jun-1982, 30-Jun-1983, 30-Jun-1985, 31-Dec-1987, 31-Dec-1989,
%        31-Dec-1990, 30-Jun-1992, 30-Jun-1993, 30-Jun-1994, 31-Dec-1995,
%        30-Jun-1997, 31-Dec-1998, 31-Dec-2005, 31-Dec-2008, 30-Jun-2012,
%        30-Jun-2015, 31-Dec-2016
millis = [ 78796800000,    94694400000,   126230400000,   157766400000,   189302400000, ...
          220924800000,   252460800000,   283996800000,   315532800000,   362793600000, ...
          394329600000,   425865600000,   489024000000,   567993600000,   631152000000, ...
          662688000000,   709948800000,   741484800000,   773020800000,   820454400000, ...
          867715200000,   915148800000,  1136073600000,  1230768000000,  1341100800000, ...
         1435708800000,  1483228800000];
